00000000
00000000
00000000
00000000
00000000
00000000
00000000
00000000
00000000
00000000
00000000
00000000
00000000
00000000
00000000
00000000
00000000
00000000
00000000
00000000
00000000
479ce0d8
00000000
00000000
00000000
00000000
00000000
00000000
00000000
00000000
00000000
00000000
00000000
00000000
00000000
00000000
472cda1d
00000000
470b18f0
00000000
00000000
00000000
00000000
00000000
00000000
00000000
00000000
4712e9a8
00000000
00000000
00000000
00000000
00000000
00000000
00000000
00000000
00000000
00000000
00000000
00000000
00000000
00000000
00000000
00000000
00000000
00000000
00000000
00000000
00000000
00000000
00000000
00000000
475ee0b4
00000000
00000000
00000000
00000000
00000000
00000000
00000000
00000000
00000000
00000000
00000000
00000000
00000000
00000000
00000000
00000000
00000000
00000000
00000000
00000000
00000000
00000000
00000000
00000000
00000000
468c5833
475f5361
00000000
00000000
00000000
00000000
00000000
46ba3faf
00000000
00000000
475bf9b0
00000000
00000000
00000000
00000000
00000000
00000000
00000000
00000000
00000000
00000000
00000000
4710c2c2
00000000
00000000
00000000
00000000
00000000
00000000
00000000
00000000
00000000
00000000
00000000
00000000
00000000
00000000
00000000
00000000
00000000
00000000
474c0e1f
00000000
00000000
00000000
00000000
00000000
00000000
00000000
00000000
00000000
00000000
00000000
4729d3e3
00000000
00000000
00000000
00000000
00000000
471229dd
00000000
00000000
00000000
00000000
00000000
00000000
00000000
00000000
4702675e
00000000
00000000
00000000
00000000
00000000
00000000
00000000
00000000
00000000
00000000
00000000
00000000
00000000
4726ce32
00000000
00000000
00000000
00000000
00000000
00000000
4762889d
00000000
00000000
00000000
00000000
00000000
00000000
00000000
00000000
00000000
45585b44
00000000
00000000
00000000
00000000
00000000
00000000
00000000
00000000
00000000
00000000
00000000
00000000
00000000
00000000
46e4fc83
00000000
00000000
00000000
00000000
00000000
00000000
00000000
00000000
00000000
47b9a442
00000000
00000000
00000000
474986f9
00000000
00000000
45888221
00000000
00000000
00000000
00000000
00000000
00000000
47ab1766
00000000
00000000
00000000
00000000
00000000
00000000
00000000
00000000
00000000
00000000
00000000
00000000
00000000
00000000
00000000
00000000
00000000
00000000
00000000
00000000
00000000
00000000
4710af40
00000000
00000000
47b9a25c
00000000
00000000
476cc7a3
00000000
00000000
00000000
00000000
00000000
00000000
00000000
00000000
00000000
00000000
00000000
478f24a1
00000000
4632dc65
00000000
00000000
00000000
00000000
00000000
00000000
00000000
00000000
00000000
00000000
00000000
47676a88
00000000
00000000
00000000
45ad6346
00000000
00000000
00000000
00000000
